=== Test Summary ===
Query File: tpch_tb1.sql
Dataset: fat_encrypted_1756529859

=== Input Table Sizes ===
customer: 150 rows
lineitem: 6005 rows
nation: 25 rows
nation1: 25 rows
nation2: 25 rows
orders: 1500 rows
part: 200 rows
part1: 200 rows
part2: 200 rows
partsupp: 800 rows
region: 5 rows
supplier: 10 rows
supplier1: 10 rows
supplier2: 10 rows

=== Output ===
SGX Output Size: 45 rows
SQLite Output Size: 45 rows

=== Results ===
Match: NO
  Matching rows: 0
  SGX-only rows: 45
  SQLite-only rows: 45

  SGX-only row values (all 45 rows):
    -28383,366176741,275262022,64952534,11,103869805,5,136579,816784291,447900922,564123676,14,177982233,6
    -28383,366176741,275262022,64952534,11,103869805,5,389191,437448823,626155487,327251235,24,477752411,10
    -28383,366176741,275262022,64952534,11,103869805,5,403268,849027485,958596215,549623314,5,58126162,2
    -28383,366176741,275262022,64952534,11,103869805,5,419239,31140224,154263564,458785,1,73682198,3
    -28383,366176741,275262022,64952534,11,103869805,5,464108,938198330,693080424,829353804,15,991041614,4
    -28383,366176741,275262022,64952534,11,103869805,5,530237,658451645,726765942,895777001,10,73320802,9
    -28383,366176741,275262022,64952534,11,103869805,5,575594,317827973,622797579,792906294,17,971385163,1
    -28383,366176741,275262022,64952534,11,103869805,5,682035,791810943,798884201,11315813,23,1051077640,7
    -28383,366176741,275262022,64952534,11,103869805,5,762785,956262271,918253410,292608994,17,801108420,8
    136579,816784291,447900922,564123676,14,177982233,6,389191,437448823,626155487,327251235,24,477752411,10
    136579,816784291,447900922,564123676,14,177982233,6,403268,849027485,958596215,549623314,5,58126162,2
    136579,816784291,447900922,564123676,14,177982233,6,419239,31140224,154263564,458785,1,73682198,3
    136579,816784291,447900922,564123676,14,177982233,6,464108,938198330,693080424,829353804,15,991041614,4
    136579,816784291,447900922,564123676,14,177982233,6,530237,658451645,726765942,895777001,10,73320802,9
    136579,816784291,447900922,564123676,14,177982233,6,575594,317827973,622797579,792906294,17,971385163,1
    136579,816784291,447900922,564123676,14,177982233,6,682035,791810943,798884201,11315813,23,1051077640,7
    136579,816784291,447900922,564123676,14,177982233,6,762785,956262271,918253410,292608994,17,801108420,8
    389191,437448823,626155487,327251235,24,477752411,10,403268,849027485,958596215,549623314,5,58126162,2
    389191,437448823,626155487,327251235,24,477752411,10,419239,31140224,154263564,458785,1,73682198,3
    389191,437448823,626155487,327251235,24,477752411,10,464108,938198330,693080424,829353804,15,991041614,4
    389191,437448823,626155487,327251235,24,477752411,10,530237,658451645,726765942,895777001,10,73320802,9
    389191,437448823,626155487,327251235,24,477752411,10,575594,317827973,622797579,792906294,17,971385163,1
    389191,437448823,626155487,327251235,24,477752411,10,682035,791810943,798884201,11315813,23,1051077640,7
    389191,437448823,626155487,327251235,24,477752411,10,762785,956262271,918253410,292608994,17,801108420,8
    403268,849027485,958596215,549623314,5,58126162,2,419239,31140224,154263564,458785,1,73682198,3
    403268,849027485,958596215,549623314,5,58126162,2,464108,938198330,693080424,829353804,15,991041614,4
    403268,849027485,958596215,549623314,5,58126162,2,530237,658451645,726765942,895777001,10,73320802,9
    403268,849027485,958596215,549623314,5,58126162,2,575594,317827973,622797579,792906294,17,971385163,1
    403268,849027485,958596215,549623314,5,58126162,2,682035,791810943,798884201,11315813,23,1051077640,7
    403268,849027485,958596215,549623314,5,58126162,2,762785,956262271,918253410,292608994,17,801108420,8
    419239,31140224,154263564,458785,1,73682198,3,464108,938198330,693080424,829353804,15,991041614,4
    419239,31140224,154263564,458785,1,73682198,3,530237,658451645,726765942,895777001,10,73320802,9
    419239,31140224,154263564,458785,1,73682198,3,575594,317827973,622797579,792906294,17,971385163,1
    419239,31140224,154263564,458785,1,73682198,3,682035,791810943,798884201,11315813,23,1051077640,7
    419239,31140224,154263564,458785,1,73682198,3,762785,956262271,918253410,292608994,17,801108420,8
    464108,938198330,693080424,829353804,15,991041614,4,530237,658451645,726765942,895777001,10,73320802,9
    464108,938198330,693080424,829353804,15,991041614,4,575594,317827973,622797579,792906294,17,971385163,1
    464108,938198330,693080424,829353804,15,991041614,4,682035,791810943,798884201,11315813,23,1051077640,7
    464108,938198330,693080424,829353804,15,991041614,4,762785,956262271,918253410,292608994,17,801108420,8
    530237,658451645,726765942,895777001,10,73320802,9,575594,317827973,622797579,792906294,17,971385163,1
    530237,658451645,726765942,895777001,10,73320802,9,682035,791810943,798884201,11315813,23,1051077640,7
    530237,658451645,726765942,895777001,10,73320802,9,762785,956262271,918253410,292608994,17,801108420,8
    575594,317827973,622797579,792906294,17,971385163,1,682035,791810943,798884201,11315813,23,1051077640,7
    575594,317827973,622797579,792906294,17,971385163,1,762785,956262271,918253410,292608994,17,801108420,8
    682035,791810943,798884201,11315813,23,1051077640,7,762785,956262271,918253410,292608994,17,801108420,8

  SQLite-only row values (all 45 rows):
    -1026719565,875520494,-2057469426,-916046193,-387641266,1178052853,-955563196,1407655825,848896096,-509687788,-206809156,312143884,-1282919266,-1201471107
    -1199351622,1954900822,719360901,849620227,420130828,-434681558,-2052307064,-1744147812,836356459,-1939080786,624167610,-1330013838,734336136,169976086
    -1325431470,2139009732,-1364350181,-1156678069,1088906785,1265800902,-214446416,472694889,1459774806,1254432732,-1280113716,1869658486,1811997704,-1860976060
    -1468143209,-1865339596,1624289960,266060369,288716831,170785800,-2036535353,592832110,-1726417063,-1596450839,-769154725,1554900928,403171163,433981250
    -1667342455,-1982979199,96439098,-1953668148,1885644653,840552067,-1185815907,418610186,-639130113,-1801471171,-707189878,-1291779807,1138355758,-2098971388
    -1754926415,-529546539,-1819552269,-1431631268,-313933089,1151633325,1470723974,601656148,1475113203,994743259,1848390701,-1080091265,690474516,1333700483
    -1781269798,25382214,-2036745411,1042983054,59615623,587273494,1108185517,1776459562,-1607319160,-1572074623,608301054,-1377252079,2044458026,-1500388364
    -2033461111,-1869999146,-925801494,433162436,1532793292,176262464,-485707969,-1083959365,1282247459,1649094250,-1350195010,1515383553,-1443020574,-1003019268
    -2113658091,-303342224,833689078,1926762313,-1702991581,-1506380300,860363379,1009064437,2082137125,-1376753402,1443122242,-434891043,-1450348618,1498488941
    -590131678,1357274018,-218091987,-1986841578,601620950,-662457980,-745251524,1405590019,-281728222,-1178688432,91700767,2046300535,-924493901,-852990602
    -602233024,185318383,-1750679595,-511858604,1237014096,-414691868,-1286496141,-693081419,417295850,1097371052,1589052350,1839917508,-43255215,-1404754042
    -610884271,-304497827,834665594,1438944607,703254550,-1483282027,-1769900838,-1789873691,-98317789,452247848,1059741692,-866914526,2131936462,-1374338359
    -753692450,-2062567898,-183755618,-1824772817,834418468,1539019576,273228847,199936107,1788180877,1112927676,-1035163458,-431492752,-146251356,-1452747300
    1003490946,-1421695116,1683650128,-615840955,837229601,1956591384,-967703791,351755707,295416887,85175487,805662208,281029483,492270987,-1194300233
    1016055140,-603871096,1372366289,511769119,-1345868071,1409100476,-750431985,-774260800,-920156039,259963245,515545079,-1654088826,867650148,465851604
    1244908300,971186550,411630201,2098602411,953026319,619385140,-1866399709,-1220729919,-1252313677,10931288,-2080547734,2014053371,1176811094,-1758601618
    1341065501,2094042117,-853882462,1283642576,-2039327420,-267699720,-1902698639,-1224291467,-138312983,1522325228,546564357,-861424939,73688530,993941062
    140881392,1451760823,-1441263313,-1825219288,1908737657,-917058807,644672067,-1650257534,-1209436093,-1768146409,974192793,894234119,-232526889,-197683569
    1535454246,-1371025048,-1982536371,1632233535,-345005840,-382569760,-1121640313,-414128828,-1837643903,26036145,-808993223,244182468,1240191593,-1233629686
    1544034680,961977166,-2026162208,-858306849,-145335382,1562021454,2106886216,1734918391,-255910949,-507630495,-119646231,-733969110,708293478,-640001529
    1567677259,1104623955,-286916623,-1309767994,1735299439,1820315745,326423590,593463103,-1084793898,-2044758959,919013384,-1417131351,-1073109389,1510029421
    1591895713,1297714059,-1814563950,431561655,-823897245,-420298285,171693447,-738912130,-1491782785,1232688698,1030108645,1459808877,400883822,-129210347
    1609972751,2012660844,983911066,-1255038532,1001778035,-1134218117,-1705703019,1325088903,754909106,1067670868,2096895804,1281763520,2007131416,1314678156
    1655304868,-1352217015,474034263,1836338224,-1961078839,-14152065,-827784568,-1910246632,-1864183683,-43301638,-827092477,1723992252,-156938639,-1510195902
    1714613657,1806420021,1256042125,-1565164049,-1501733087,1436714695,1451398735,-26773869,1029707019,794003636,-1616949137,-1050637152,-1376005497,-1529357526
    1773333717,-1580657127,1015028035,-888844503,206547879,999840055,-286583349,-499790588,-1933415917,-53314625,-395306334,694994034,1834847977,1437055684
    1775638453,556276162,590316162,1805173688,-328302355,-543901155,-1044011528,-1691205146,373775928,400753321,-683414624,1843578205,2053690443,-403971852
    1814097811,947488624,948583175,1615848152,1302493003,1814990020,-113425437,1896986904,-1448121573,1620693510,1062079531,750570273,1624684067,-741242608
    1834780556,-1827730331,-1997893796,-1453651332,282022103,1658501703,1173485501,1380528274,509043460,650195178,2138481708,-1412155621,1613341331,2057739435
    1905191638,-754133319,-679767880,-1654039665,-1297708994,1511705685,-1342453094,2096138080,2143248696,-159464793,-152582977,-2025275151,-1209669605,-1633764473
    1920294872,962917583,880929736,-1122151701,1279561040,-1724001033,250888993,-1286973631,-1866503540,-69364078,600337564,1551434898,1202858605,-1656047366
    2056392124,-277629223,1534398275,2068688699,1730771231,732210069,504177611,439189308,-1363290626,-671332680,1522051437,-247251470,395737544,701164744
    2099410428,-490140567,1497964563,1893520567,-937811710,1272633835,282283434,1721357271,2033919120,-1813472792,1643029785,866202279,-2058092889,386293956
    295578941,-1579286962,-319812497,336919296,-2045624777,1415324954,493150688,-1402596928,132859923,-206488138,-1076772601,-1398039391,-8528502,-223669438
    340038767,-1705864307,-1732822667,390621209,-1698387971,-1575615082,1091477514,805226357,1468360502,1560707235,-1284602407,731294166,636254211,-452284878
    351546093,-1402606894,448383790,-1108964981,1780207033,-1022690017,703964929,784861187,-1660163513,2068995787,1616098423,1107519892,-1871367792,200195830
    432962920,1734188566,449685736,1512951108,-1606242898,277148738,1814461866,1569366966,1662146028,937519307,1573413332,1748673742,1446075723,-811451431
    445373079,1736710298,-1788572159,683955097,-451905198,-686417912,2057095075,-1040509007,-966206644,1857121624,-51010649,-1487436823,608047461,1824396018
    534241508,-400891940,1969478407,-700761197,-2031346814,1312337318,864546143,1934290931,-1059354377,-2134879675,874850589,2101380230,102618962,-548641813
    558862449,-1710694041,-1483167474,-880626584,-1396242850,-515628182,-2009795656,2089236094,-1389840248,259098154,-1060394649,-45999733,-55855898,-275136125
    605205314,518441526,-284663913,1399549121,2086131754,-1898664266,-1032826437,22653374,-1629414822,-949285843,-1476516810,2045321292,-465876286,1618008203
    628827533,353872803,-2125897268,1360243553,16943210,173718696,70551491,-989054899,130338772,462363159,-642981449,42021211,1345326385,-325402264
    637122728,-50705838,1707084514,-852100690,-245292011,1611586021,-495594556,-160427973,-1848617629,-18840848,-962996122,-9205336,939257689,1289856200
    647764698,970422942,63196299,-1090501148,-384437192,-1319473178,-1381262047,1053970735,-1413916339,1181791733,-815184819,-1612906031,-236222941,-638810693
    6859987,79139995,-1544721523,2064933468,705413730,225386562,1987429025,-1732403315,-1493235428,-1016632763,-524412910,-1219612096,-1653757196,1575317692

=== Performance ===
SGX Time: 0.446575 seconds
SQLite Time: 0.487101 seconds

=== SGX Phase Timings ===
Bottom-Up: 0.011709 seconds
Top-Down: 0.011277 seconds
Distribute-Expand: 0.01026 seconds
Align-Concat: 0.020686 seconds
Total (phases): 0.053939 seconds

=== SGX Phase Ecalls ===
Bottom-Up: 0 ecalls
Top-Down: 0 ecalls
Distribute-Expand: 0 ecalls
Align-Concat: 0 ecalls
Total: 0 ecalls

=== SGX Phase Sizes ===
Bottom-Up: 20 rows in tree
Top-Down: 20 rows in tree
Distribute-Expand: 90 rows in tree
Align-Concat (result): 45 rows

=== Align-Concat Sorting Details ===
Total sorting: 0.019768 seconds (0 ecalls)
  - Accumulator sorts: 0.009871 seconds (0 ecalls)
  - Child sorts: 0.009897 seconds (0 ecalls)
