=== Test Summary ===
Query File: tpch_tb1.sql
Dataset: data_0_001

=== Input Table Sizes ===
customer: 150 rows
lineitem: 6005 rows
nation: 25 rows
nation1: 25 rows
nation2: 25 rows
orders: 1500 rows
part: 200 rows
part1: 200 rows
part2: 200 rows
partsupp: 800 rows
region: 5 rows
supplier: 10 rows
supplier1: 10 rows
supplier2: 10 rows

=== Output ===
SGX Output Size: 45 rows
SQLite Output Size: 45 rows

=== Results ===
Match: NO
  Matching rows: 0
  SGX-only rows: 45
  SQLite-only rows: 45

  SGX-only row values (all 45 rows):
    -28383,366176741,275262022,64952534,11,103869805,5
    -28383,366176741,275262022,64952534,11,103869805,5
    -28383,366176741,275262022,64952534,11,103869805,5
    -28383,366176741,275262022,64952534,11,103869805,5
    -28383,366176741,275262022,64952534,11,103869805,5
    -28383,366176741,275262022,64952534,11,103869805,5
    -28383,366176741,275262022,64952534,11,103869805,5
    -28383,366176741,275262022,64952534,11,103869805,5
    -28383,366176741,275262022,64952534,11,103869805,5
    136579,816784291,447900922,564123676,14,177982233,6
    136579,816784291,447900922,564123676,14,177982233,6
    136579,816784291,447900922,564123676,14,177982233,6
    136579,816784291,447900922,564123676,14,177982233,6
    136579,816784291,447900922,564123676,14,177982233,6
    136579,816784291,447900922,564123676,14,177982233,6
    136579,816784291,447900922,564123676,14,177982233,6
    136579,816784291,447900922,564123676,14,177982233,6
    389191,437448823,626155487,327251235,24,477752411,10
    389191,437448823,626155487,327251235,24,477752411,10
    389191,437448823,626155487,327251235,24,477752411,10
    389191,437448823,626155487,327251235,24,477752411,10
    389191,437448823,626155487,327251235,24,477752411,10
    389191,437448823,626155487,327251235,24,477752411,10
    389191,437448823,626155487,327251235,24,477752411,10
    403268,849027485,958596215,549623314,5,58126162,2
    403268,849027485,958596215,549623314,5,58126162,2
    403268,849027485,958596215,549623314,5,58126162,2
    403268,849027485,958596215,549623314,5,58126162,2
    403268,849027485,958596215,549623314,5,58126162,2
    403268,849027485,958596215,549623314,5,58126162,2
    419239,31140224,154263564,458785,1,73682198,3
    419239,31140224,154263564,458785,1,73682198,3
    419239,31140224,154263564,458785,1,73682198,3
    419239,31140224,154263564,458785,1,73682198,3
    419239,31140224,154263564,458785,1,73682198,3
    464108,938198330,693080424,829353804,15,991041614,4
    464108,938198330,693080424,829353804,15,991041614,4
    464108,938198330,693080424,829353804,15,991041614,4
    464108,938198330,693080424,829353804,15,991041614,4
    530237,658451645,726765942,895777001,10,73320802,9
    530237,658451645,726765942,895777001,10,73320802,9
    530237,658451645,726765942,895777001,10,73320802,9
    575594,317827973,622797579,792906294,17,971385163,1
    575594,317827973,622797579,792906294,17,971385163,1
    682035,791810943,798884201,11315813,23,1051077640,7

  SQLite-only row values (all 45 rows):
    -28383,366176741,275262022,64952534,11,103869805,5,136579,816784291,447900922,564123676,14,177982233,6
    -28383,366176741,275262022,64952534,11,103869805,5,389191,437448823,626155487,327251235,24,477752411,10
    -28383,366176741,275262022,64952534,11,103869805,5,403268,849027485,958596215,549623314,5,58126162,2
    -28383,366176741,275262022,64952534,11,103869805,5,419239,31140224,154263564,458785,1,73682198,3
    -28383,366176741,275262022,64952534,11,103869805,5,464108,938198330,693080424,829353804,15,991041614,4
    -28383,366176741,275262022,64952534,11,103869805,5,530237,658451645,726765942,895777001,10,73320802,9
    -28383,366176741,275262022,64952534,11,103869805,5,575594,317827973,622797579,792906294,17,971385163,1
    -28383,366176741,275262022,64952534,11,103869805,5,682035,791810943,798884201,11315813,23,1051077640,7
    -28383,366176741,275262022,64952534,11,103869805,5,762785,956262271,918253410,292608994,17,801108420,8
    136579,816784291,447900922,564123676,14,177982233,6,389191,437448823,626155487,327251235,24,477752411,10
    136579,816784291,447900922,564123676,14,177982233,6,403268,849027485,958596215,549623314,5,58126162,2
    136579,816784291,447900922,564123676,14,177982233,6,419239,31140224,154263564,458785,1,73682198,3
    136579,816784291,447900922,564123676,14,177982233,6,464108,938198330,693080424,829353804,15,991041614,4
    136579,816784291,447900922,564123676,14,177982233,6,530237,658451645,726765942,895777001,10,73320802,9
    136579,816784291,447900922,564123676,14,177982233,6,575594,317827973,622797579,792906294,17,971385163,1
    136579,816784291,447900922,564123676,14,177982233,6,682035,791810943,798884201,11315813,23,1051077640,7
    136579,816784291,447900922,564123676,14,177982233,6,762785,956262271,918253410,292608994,17,801108420,8
    389191,437448823,626155487,327251235,24,477752411,10,403268,849027485,958596215,549623314,5,58126162,2
    389191,437448823,626155487,327251235,24,477752411,10,419239,31140224,154263564,458785,1,73682198,3
    389191,437448823,626155487,327251235,24,477752411,10,464108,938198330,693080424,829353804,15,991041614,4
    389191,437448823,626155487,327251235,24,477752411,10,530237,658451645,726765942,895777001,10,73320802,9
    389191,437448823,626155487,327251235,24,477752411,10,575594,317827973,622797579,792906294,17,971385163,1
    389191,437448823,626155487,327251235,24,477752411,10,682035,791810943,798884201,11315813,23,1051077640,7
    389191,437448823,626155487,327251235,24,477752411,10,762785,956262271,918253410,292608994,17,801108420,8
    403268,849027485,958596215,549623314,5,58126162,2,419239,31140224,154263564,458785,1,73682198,3
    403268,849027485,958596215,549623314,5,58126162,2,464108,938198330,693080424,829353804,15,991041614,4
    403268,849027485,958596215,549623314,5,58126162,2,530237,658451645,726765942,895777001,10,73320802,9
    403268,849027485,958596215,549623314,5,58126162,2,575594,317827973,622797579,792906294,17,971385163,1
    403268,849027485,958596215,549623314,5,58126162,2,682035,791810943,798884201,11315813,23,1051077640,7
    403268,849027485,958596215,549623314,5,58126162,2,762785,956262271,918253410,292608994,17,801108420,8
    419239,31140224,154263564,458785,1,73682198,3,464108,938198330,693080424,829353804,15,991041614,4
    419239,31140224,154263564,458785,1,73682198,3,530237,658451645,726765942,895777001,10,73320802,9
    419239,31140224,154263564,458785,1,73682198,3,575594,317827973,622797579,792906294,17,971385163,1
    419239,31140224,154263564,458785,1,73682198,3,682035,791810943,798884201,11315813,23,1051077640,7
    419239,31140224,154263564,458785,1,73682198,3,762785,956262271,918253410,292608994,17,801108420,8
    464108,938198330,693080424,829353804,15,991041614,4,530237,658451645,726765942,895777001,10,73320802,9
    464108,938198330,693080424,829353804,15,991041614,4,575594,317827973,622797579,792906294,17,971385163,1
    464108,938198330,693080424,829353804,15,991041614,4,682035,791810943,798884201,11315813,23,1051077640,7
    464108,938198330,693080424,829353804,15,991041614,4,762785,956262271,918253410,292608994,17,801108420,8
    530237,658451645,726765942,895777001,10,73320802,9,575594,317827973,622797579,792906294,17,971385163,1
    530237,658451645,726765942,895777001,10,73320802,9,682035,791810943,798884201,11315813,23,1051077640,7
    530237,658451645,726765942,895777001,10,73320802,9,762785,956262271,918253410,292608994,17,801108420,8
    575594,317827973,622797579,792906294,17,971385163,1,682035,791810943,798884201,11315813,23,1051077640,7
    575594,317827973,622797579,792906294,17,971385163,1,762785,956262271,918253410,292608994,17,801108420,8
    682035,791810943,798884201,11315813,23,1051077640,7,762785,956262271,918253410,292608994,17,801108420,8

=== Performance ===
SGX Time: 0.490666 seconds
SQLite Time: 0.489444 seconds
